..11-

1414111441, 4114 1114 1144111114111 1111141414 4411111444 141 4411111111-
4444111 1111411114111111441111114 41114414 4411111114 41114 1114411 11414441-
4444 44444114 est. 1) 14411114 imprimis 111 11111141114111111114,

1) 144, 11444 4 44114 ,111-11411441, 44441441, 3, 22,
,11111144ι ΙΙ, 3, 11, ,1111144 ΙΙ, 1, 22, ,1114114ι Ι, 3, 45,
1,54,,111444444(ς1144444411441Ι, 1, 24, 5,22· ,ΙΙ, 1,41·
1111441 ,1,1) 5 24 ΙΙ, 3, 69, ,411144 Ι 3 34 3, 13,
ΙΙ, 2, 3, 41114411,24,-4114151414014141114414,14,
,111144ί 5,11, ,44144 3, 2, ,14441144 5,1,111Ρ4114,1;
,44111144 (= agri 44 111444) 1142, 111 34111. 41. 4, 44 ‚4444

2)1114111Ι11·4 vel partes 441·1111114,114 ,4111144
Ι, 2, 32, 4, 114, ,11144 (στόματα) Ι, 8, 32, ,1144411144 (4111114)
Ι, 1, 40, ,4111114ί Ι, 2, 33, 3, 6, ,4411144 1111114) Ι, 3, 22,
,4411111114 ΙΙ, 3, 214 11111141411, - Ι, 1, 51, 11431111 41111111-
1411, ,4111114ι 44441111114111411111411111111141114111441- Ι, 3, 3,
4, 30, 5, 44, 3, 10, 3, 43, ΙΙ, 1, 16, 43, 2, 1421), 3, 12,
- 111 singulari Ι, 3, 414, 4, 4. 143, 43, 33, ΙΙ, 3, 23, -,4111·11111·44
1414114143111111111.123212)Ι, 3, 52, Ι, 2, 213) - 4111111 411111,
,·11111144 2, 3, 111445, 25, ,4411144 4, 31, ,44111111144111
1111114114 4114 11111 invenitur — 24,11, 5,15-,41111144111 11111-
1111114144, - 11114411411.,411111111.1111,,441·11441144,
111 34111. 41, 3, 11414 411. 5, 2 4111114144, 41 2, 24 ,41111144,

3) 144 11141111 1114444111,411441,1,1111;,,141144
Ι, 1, 41,3,13, ΙΙ, 3, 514- (4111114 ,1444144 ΙΙ,,1 13,3, 13,
4314, 111114 2,113), ,1111141441-1111441144111) 111, 23

4) 44414114 ,41444 ΙΙ, 1, 15, 2, 14141111111411114· 4144«
441111. 11. 149 14)·4), ,4444411144 11141144 ΙΙ, 5, 52, 141. 4. 41. 5, 4),
,141141141144111144 Ι, 2, 31, 3, 13, ,4411111114 11111111114ι 4111111.
1, 15, 4441411111111. 6, 22, ,11·441111111111144.

511111111111111114414111, 114 ,1111111144 Ι, 2, 11, ,1141111144
Pal-4434 ΙΙ, 5, 25, ,111144 l, 4'4, 21, 11. 1, 31 (1·111·1141111111·11·

11411·.11’41111141, 1111.111.11111 ΙΙ, ξ 23-11111114141,1114431441 11, 3.
2044· 1111111441 1114451111. 11 1114

··) 44 11414 1111111· 1“·411 11111 4 44444 111111 1111 4441111111414 25 1111111111141· 111114
11111414, 44111 111141 11114 1111114 141411· Ι·1411114414·1·,41 11·111111111111111111111411 1·.441·
1114111411, 1111111 ,1111111 11111 11114111,11111111111111141111111111141·1·“·11111111111111, 11111411
4111111 1141144111 1144411141, 1111114 14 4111114, 11111 1144441411 4441111114 4111111 1111411414
4111414111 11111111 1111411111· 4411141114

⁴) 411. Ι41441141, 11144. 31114. Ι, 11. 1.

 

